7f454c4602010100000000000000000002003e0001000000000040000000
00004000000000000000e013000000000000000000004000380001004000
050004000100000005000000001000000000000000004000000000000000
400000000000900200000000000090020000000000000010000000000000
000000000000000000000000000000000000000000000000000000000000
000000000000000000000000000000000000000000000000000000000000
000000000000000000000000000000000000000000000000000000000000
000000000000000000000000000000000000000000000000000000000000
000000000000000000000000000000000000000000000000000000000000
000000000000000000000000000000000000000000000000000000000000
000000000000000000000000000000000000000000000000000000000000
000000000000000000000000000000000000000000000000000000000000
000000000000000000000000000000000000000000000000000000000000
000000000000000000000000000000000000000000000000000000000000
000000000000000000000000000000000000000000000000000000000000
000000000000000000000000000000000000000000000000000000000000
000000000000000000000000000000000000000000000000000000000000
000000000000000000000000000000000000000000000000000000000000
000000000000000000000000000000000000000000000000000000000000
000000000000000000000000000000000000000000000000000000000000
000000000000000000000000000000000000000000000000000000000000
000000000000000000000000000000000000000000000000000000000000
000000000000000000000000000000000000000000000000000000000000
000000000000000000000000000000000000000000000000000000000000
000000000000000000000000000000000000000000000000000000000000
000000000000000000000000000000000000000000000000000000000000
000000000000000000000000000000000000000000000000000000000000
000000000000000000000000000000000000000000000000000000000000
000000000000000000000000000000000000000000000000000000000000
000000000000000000000000000000000000000000000000000000000000
000000000000000000000000000000000000000000000000000000000000
000000000000000000000000000000000000000000000000000000000000
000000000000000000000000000000000000000000000000000000000000
000000000000000000000000000000000000000000000000000000000000
000000000000000000000000000000000000000000000000000000000000
000000000000000000000000000000000000000000000000000000000000
000000000000000000000000000000000000000000000000000000000000
000000000000000000000000000000000000000000000000000000000000
000000000000000000000000000000000000000000000000000000000000
000000000000000000000000000000000000000000000000000000000000
000000000000000000000000000000000000000000000000000000000000
000000000000000000000000000000000000000000000000000000000000
000000000000000000000000000000000000000000000000000000000000
000000000000000000000000000000000000000000000000000000000000
000000000000000000000000000000000000000000000000000000000000
000000000000000000000000000000000000000000000000000000000000
000000000000000000000000000000000000000000000000000000000000
000000000000000000000000000000000000000000000000000000000000
000000000000000000000000000000000000000000000000000000000000
000000000000000000000000000000000000000000000000000000000000
000000000000000000000000000000000000000000000000000000000000
000000000000000000000000000000000000000000000000000000000000
000000000000000000000000000000000000000000000000000000000000
000000000000000000000000000000000000000000000000000000000000
000000000000000000000000000000000000000000000000000000000000
000000000000000000000000000000000000000000000000000000000000
000000000000000000000000000000000000000000000000000000000000
000000000000000000000000000000000000000000000000000000000000
000000000000000000000000000000000000000000000000000000000000
000000000000000000000000000000000000000000000000000000000000
000000000000000000000000000000000000000000000000000000000000
000000000000000000000000000000000000000000000000000000000000
000000000000000000000000000000000000000000000000000000000000
000000000000000000000000000000000000000000000000000000000000
000000000000000000000000000000000000000000000000000000000000
000000000000000000000000000000000000000000000000000000000000
000000000000000000000000000000000000000000000000000000000000
000000000000000000000000000000000000000000000000000000000000
000000000000000000000000000000000000000000000000000000000000
000000000000000000000000000000000000000000000000000000000000
000000000000000000000000000000000000000000000000000000000000
000000000000000000000000000000000000000000000000000000000000
000000000000000000000000000000000000000000000000000000000000
000000000000000000000000000000000000000000000000000000000000
000000000000000000000000000000000000000000000000000000000000
000000000000000000000000000000000000000000000000000000000000
000000000000000000000000000000000000000000000000000000000000
000000000000000000000000000000000000000000000000000000000000
000000000000000000000000000000000000000000000000000000000000
000000000000000000000000000000000000000000000000000000000000
000000000000000000000000000000000000000000000000000000000000
000000000000000000000000000000000000000000000000000000000000
000000000000000000000000000000000000000000000000000000000000
000000000000000000000000000000000000000000000000000000000000
000000000000000000000000000000000000000000000000000000000000
000000000000000000000000000000000000000000000000000000000000
000000000000000000000000000000000000000000000000000000000000
000000000000000000000000000000000000000000000000000000000000
000000000000000000000000000000000000000000000000000000000000
000000000000000000000000000000000000000000000000000000000000
000000000000000000000000000000000000000000000000000000000000
000000000000000000000000000000000000000000000000000000000000
000000000000000000000000000000000000000000000000000000000000
000000000000000000000000000000000000000000000000000000000000
000000000000000000000000000000000000000000000000000000000000
000000000000000000000000000000000000000000000000000000000000
000000000000000000000000000000000000000000000000000000000000
000000000000000000000000000000000000000000000000000000000000
000000000000000000000000000000000000000000000000000000000000
000000000000000000000000000000000000000000000000000000000000
000000000000000000000000000000000000000000000000000000000000
000000000000000000000000000000000000000000000000000000000000
000000000000000000000000000000000000000000000000000000000000
000000000000000000000000000000000000000000000000000000000000
000000000000000000000000000000000000000000000000000000000000
000000000000000000000000000000000000000000000000000000000000
000000000000000000000000000000000000000000000000000000000000
000000000000000000000000000000000000000000000000000000000000
000000000000000000000000000000000000000000000000000000000000
000000000000000000000000000000000000000000000000000000000000
000000000000000000000000000000000000000000000000000000000000
000000000000000000000000000000000000000000000000000000000000
000000000000000000000000000000000000000000000000000000000000
000000000000000000000000000000000000000000000000000000000000
000000000000000000000000000000000000000000000000000000000000
000000000000000000000000000000000000000000000000000000000000
000000000000000000000000000000000000000000000000000000000000
000000000000000000000000000000000000000000000000000000000000
000000000000000000000000000000000000000000000000000000000000
000000000000000000000000000000000000000000000000000000000000
000000000000000000000000000000000000000000000000000000000000
000000000000000000000000000000000000000000000000000000000000
000000000000000000000000000000000000000000000000000000000000
000000000000000000000000000000000000000000000000000000000000
000000000000000000000000000000000000000000000000000000000000
000000000000000000000000000000000000000000000000000000000000
000000000000000000000000000000000000000000000000000000000000
000000000000000000000000000000000000000000000000000000000000
000000000000000000000000000000000000000000000000000000000000
000000000000000000000000000000000000000000000000000000000000
000000000000000000000000000000000000000000000000000000000000
000000000000000000000000000000000000000000000000000000000000
000000000000000000000000000000000000000000000000000000000000
000000000000000000000000000000000000000000000000000000000000
000000000000000000000000000000000000000000000000000000000000
000000000000000000000000000000000000000000000000000000000000
000000000000000000000000000000004989e74883ec204889e549c70700
00000048c7c0000000004863c050498b07498d0f4889cb5848890349c747
080000000048c7c0000000004863c050498b4708498d4f084889cb584889
0349c747100000000048c7c0010000004863c050498b4710498d4f104889
cb5848890349c747180000000048c7c0020000004863c050498b4718498d
4f184889cb58488903554889e54883ec0848c745f80000000048c7c07b00
000050488b45f8488d4df84889cb588903488b45f84883c4085051595850
5159584883c400554889e54883ec0848c745f80000000048c7c000000000
4863c050488b45f8488d4df84889cb58488903488b4510488d4d1050488b
45f8488d4df85b4839d80f92c0480fb6c04883f8007467488b4518488d4d
185051488b45f8488d4df84889c3595850488d04184889c1580fb6041850
488b4520488d4d205051488b45f8488d4df84889c3595850488d04184889
c1580fb604184889cb588803505159584883c400488b45f8488d4df848ff
01e977ffffff505159584883c4084883ec0848c745f800000000488b4520
488d4d2050488b45f8488d4df84889cb58488903488b45f84883c4085051
59585dc3505159584883c400554889e54883ec0848c745f80000000048c7
c0000000004863c050488b45f8488d4df84889cb58488903488b4510488d
4d1050488b45f8488d4df85b4839d80f92c0480fb6c04883f8007444488b
4518488d4d18480fb6c050488b4520488d4d205051488b45f8488d4df848
89c3595850488d04184889c1580fb604184889cb588803488b45f8488d4d
f848ff01eb9a505159584883c4084883ec0848c745f800000000488b4520
488d4d2050488b45f8488d4df84889cb58488903488b45f84883c4085051
59585dc3505159584883c400000000000000000000000000000000000000
000000000000010000000400f1ff00000000000000000000000000000000
0800000000000100c90040000000000000000000000000000b0000000000
0100f30040000000000000000000000000000e000000000001007c014000
00000000000000000000000011000000000001006c014000000000000000
0000000000001400000000000100be014000000000000000000000000000
1700000000000100e80140000000000000000000000000001a0000000000
01004e0240000000000000000000000000001d0000000000010041024000
000000000000000000000000200000001000010000004000000000000000
000000000000006d61696e2e6f004c30004c33004c35004c34004c31004c
36004c38004c37005f737461727400002e73796d746162002e7374727461
62002e7368737472746162002e7465787400000000000000000000000000
000000000000000000000000000000000000000000000000000000000000
000000000000000000000000000000000000000000001b00000001000000
060000000000000000004000000000000010000000000000900200000000
000000000000000000000100000000000000000000000000000001000000
020000000000000000000000000000000000000090120000000000000801
000000000000030000000a00000008000000000000001800000000000000
090000000300000000000000000000000000000000000000981300000000
000027000000000000000000000000000000010000000000000000000000
00000000110000000300000000000000000000000000000000000000bf13
000000000000210000000000000000000000000000000100000000000000
0000000000000000
